00100000000100000000000000001010
00000000000000001000100000100000
00100000000100100000000000101000
00000000000000001001100000100000
00000000000000001010000000100000
00000000000000001010100000100000
00000000000000001011000000100000
00100000000101110000000000000001
00000010110101100100000000100000
00000001000010000100000000100000
00000001000100010100000000100000
10101101000101110000000000000000
00010010000101100000000000000011
00100010110101100000000000000001
00100010111101110000000000000001
00001000000000000000000000001000
00000010011100000100000000101010
00010101000000000000000000000001
00001000000000000000000000101010
00000010011100111011100000100000
00000010111101111011100000100000
00010110011000000000000000000101
00000010111100010100100000100000
10001101001010100000000000000100
00000010111100100100000000100000
10101101000010100000000000000000
00001000000000000000000000101000
00100010000010001111111111111111
00010110011010000000000000000101
00000010111100010100100000100000
10001101001010101111111111111100
00000010111100100100000000100000
10101101000010100000000000000000
00001000000000000000000000101000
00000010111100010100000000100000
10001101000010010000000000000100
00000010111100100101100000100000
10001101000010101111111111111100
00000001001010100100000000100000
10101101011010000000000000000000
00100010011100110000000000000001
00001000000000000000000000010000
00000000000000001001100000100000
00100010000010001111111111111111
00000010011010000100000000101010
00010101000000000000000000000001
00001000000000000000000001001111
00000010011000001010100000100000
00100010011101000000000000000001
00000010100100000100000000101010
00010101000000000000000000000001
00001000000000000000000001001101
00000010100101000100000000100000
00000001000010000100000000100000
00000001000100100100000000100000
10001101000010010000000000000000
00000010101101010100000000100000
00000001000010000100000000100000
00000001000100100100000000100000
10001101000010100000000000000000
00000001010010010100000000101010
00010001000000000000000000000001
00000010100000001010100000100000
00010110101100110000000000000001
00001000000000000000000001001011
00000010011100110100000000100000
00000001000010000100000000100000
00000001000100100100000000100000
10001101000010010000000000000000
00000010101101010101000000100000
00000001010010100101000000100000
00000001010100100101000000100000
10001101010010110000000000000000
10101101000010110000000000000000
10101101010010010000000000000000
00100010100101000000000000000001
00001000000000000000000000110001
00100010011100110000000000000001
00001000000000000000000000101011
10101110010101010000000000101000
